4
6 0 0 0 3 0 8 0 0 15 0 0 12 0 4 5
12 1 0 10 0 9 4 6 3 0 11 0 0 14 0
5 13 0 0 0 0 16 0 4 0 0 0 0 8 1 7
0 0 0 0 0 0 12 0 0 8 0 14 3 0 0 0
2 0 0 14 0 7 0 5 8 0 0 0 0 10 0 0
0 11 1 12 0 0 3 0 0 0 0 0 0 0 0 14
15 0 9 0 14 2 0 8 0 0 3 0 0 0 11 0
0 4 16 0 0 0 1 0 10 0 7 0 0 0 3 0
0 12 11 0 0 0 0 4 16 0 1 5 0 0 8 9
0 14 6 0 8 13 0 0 15 2 0 0 0 0 0 0
0 9 0 0 0 3 7 0 13 0 0 0 0 6 0 15
1 0 0 15 0 5 0 0 0 11 6 0 0 2 0 4
9 0 0 0 12 0 0 0 0 5 0 0 0 4 10 0
4 0 0 0 0 0 0 2 11 16 0 0 0 13 0 0
0 0 0 0 10 0 0 0 0 12 13 0 11 0 0 0
14 0 13 7 0 4 11 1 0 3 0 0 0 0 0 0
